7
31
123
137
147
156
158
273
285
395
455
466
587
591
620
750
772
774
780
787
798
799
802
810
813
858
901
936
972
984
1000
1006
1032
1040
1044
1045
1073
1108
1219
1247
1285
1286
1299
1303
1306
1330
1334
1335
1338
1343
1354
1357
1399
1412
1413
1419
1471
1474
1475
1529
1538
1547
1747
1853
1855
1871
1961
1968
1979
1984
2006
2007
2033
2037
2038
2040
2101
2118
2138
2155
2165
2169
2170
2217
2255
2266
2267
2339
2361
2367
2435
2448
2452
1872
1869
1852
1047
0860
0863
0851
1482
0451
0439
0443
1642
1895
1897
1911
2084
1422
1066
1067
1373
1375
1349
1077
1348
