1
2
3
4
5
6
8
9
10
11
13
14
15
17
20
22
25
26
28
34
36
37
39
40
41
42
43
44
45
47
52
55
56
57
58
59
61
62
63
64
66
67
69
70
73
74
75
78
79
81
82
85
86
87
88
90
92
93
98
105
107
109
110
111
112
113
114
117
118
119
120
121
122
125
128
129
130
134
135
139
140
142
144
145
149
151
153
157
160
161
166
167
168
170
171
173
174
175
176
178
180
182
184
186
187
190
192
193
194
196
197
198
200
201
202
203
204
206
207
209
212
214
215
219
220
222
223
224
225
227
229
230
232
235
238
239
240
241
242
243
245
247
249
252
253
255
257
258
259
261
262
263
268
269
272
277
278
280
281
282
283
284
286
287
288
290
291
298
299
301
302
304
305
306
311
312
315
320
322
323
324
328
330
334
335
336
338
339
340
343
344
346
347
349
350
351
352
353
355
357
360
362
363
364
366
369
372
375
379
380
382
383
385
387
388
389
390
391
393
394
397
398
399
401
402
406
407
409
410
411
412
415
420
422
425
426
427
428
430
432
437
444
445
446
447
448
449
450
452
453
456
457
458
459
460
463
464
468
471
472
473
474
475
478
487
488
489
490
491
492
493
495
497
499
500
502
504
507
509
511
512
514
515
516
518
520
521
522
523
526
530
533
534
536
537
538
540
542
545
546
549
550
551
552
553
554
555
556
557
558
561
571
572
574
575
576
577
581
582
583
585
586
588
589
592
595
596
597
598
601
602
605
606
607
614
616
617
619
621
622
623
624
625
626
627
628
629
631
633
637
640
641
644
647
648
650
653
654
655
656
657
658
660
661
662
666
669
670
671
674
675
677
678
682
683
685
686
687
688
689
691
692
694
695
697
698
700
702
704
706
711
712
713
714
715
716
724
726
727
729
730
732
733
740
741
743
744
748
749
753
754
756
757
759
760
761
762
763
771
781
788
789
790
792
793
797
800
801
804
805
807
808
811
812
815
822
824
825
828
832
833
835
836
838
840
842
843
848
849
852
853
854
855
856
859
861
862
867
869
870
871
873
874
878
879
883
884
886
890
892
893
894
899
903
906
908
910
914
919
920
921
922
925
926
928
931
933
939
942
946
953
955
956
961
963
964
966
967
971
973
974
979
980
982
983
987
988
989
990
991
995
996
999
1004
1007
1008
1012
1013
1016
1017
1018
1020
1024
1025
1027
1029
1031
1034
1035
1036
1039
1041
1043
1049
1050
1051
1052
1053
1057
1059
1069
1075
1079
1080
1081
1083
1085
1086
1089
1090
1092
1094
1095
1097
1099
1100
1101
1102
1104
1106
1107
1109
1115
1117
1118
1123
1126
1127
1132
1134
1135
1139
1140
1143
1146
1149
1151
1153
1155
1159
1160
1162
1164
1166
1167
1169
1172
1173
1175
1178
1183
1184
1186
1189
1192
1193
1195
1197
1198
1200
1202
1203
1204
1205
1207
1210
1213
1216
1221
1223
1226
1229
1232
1236
1243
1245
1246
1250
1254
1255
1256
1257
1259
1260
1261
1262
1263
1264
1265
1266
1269
1274
1275
1276
1278
1280
1281
1282
1283
1284
1288
1290
1291
1293
1294
1296
1297
1301
1307
1308
1310
1311
1312
1314
1315
1316
1317
1318
1320
1323
1324
1327
1329
1332
1333
1336
1341
1344
1346
1353
1355
1359
1360
1361
1362
1364
1367
1369
1371
1376
1377
1379
1384
1386
1389
1390
1391
1392
1394
1395
1400
1401
1402
1403
1404
1407
1408
1409
1411
1414
1417
1418
1421
1423
1425
1427
1430
1431
1432
1434
1435
1436
1437
1438
1439
1441
1443
1444
1445
1449
1450
1453
1454
1458
1459
1464
1468
1469
1470
1472
1473
1476
1477
1479
1483
1485
1487
1489
1492
1494
1498
1499
1500
1501
1502
1503
1504
1507
1512
1515
1516
1517
1519
1522
1523
1524
1525
1526
1527
1528
1530
1531
1535
1537
1541
1543
1544
1550
1554
1555
1557
1558
1567
1569
1572
1576
1580
1581
1587
1590
1591
1593
1594
1595
1597
1598
1600
1604
1605
1606
1607
1609
1613
1615
1616
1617
1619
1621
1623
1624
1625
1628
1631
1633
1635
1638
1640
1643
1646
1647
1648
1651
1652
1653
1655
1656
1658
1659
1660
1661
1663
1664
1666
1667
1668
1670
1671
1672
1674
1676
1677
1679
1682
1684
1687
1689
1690
1693
1694
1695
1696
1697
1698
1700
1702
1704
1706
1709
1711
1712
1713
1714
1716
1719
1723
1724
1725
1726
1728
1729
1730
1731
1732
1733
1734
1737
1740
1741
1742
1743
1744
1746
1750
1751
1753
1756
1757
1758
1760
1761
1762
1766
1768
1771
1772
1774
1775
1776
1777
1778
1779
1780
1781
1782
1783
1784
1786
1789
1794
1795
1797
1800
1804
1805
1809
1810
1812
1814
1818
1819
1822
1823
1824
1826
1828
1830
1832
1833
1834
1836
1837
1838
1839
1840
1842
1843
1845
1846
1847
1850
1851
1857
1859
1860
1863
1866
1868
1870
1873
1874
1875
1876
1877
1879
1880
1885
1888
1890
1896
1901
1903
1904
1905
1907
1910
1912
1917
1920
1921
1922
1923
1925
1927
1931
1933
1934
1936
1937
1938
1939
1941
1942
1945
1947
1948
1949
1950
1952
1953
1954
1956
1959
1960
1962
1963
1964
1967
1969
1970
1972
1973
1975
1978
1980
1981
1983
1990
1992
1993
1994
1996
1997
1998
2000
2002
2003
2004
2008
2010
2011
2012
2014
2017
2018
2020
2021
2022
2024
2025
2027
2029
2030
2031
2032
2035
2036
2039
2043
2044
2045
2047
2048
2050
2051
2052
2053
2055
2056
2057
2059
2060
2062
2063
2064
2065
2066
2067
2068
2070
2071
2072
2075
2077
2078
2079
2080
2081
2082
2083
2085
2086
2088
2089
2090
2091
2093
2094
2095
2096
2099
2104
2106
2107
2110
2112
2113
2115
2117
2120
2122
2124
2126
2128
2129
2130
2131
2132
2134
2135
2136
2140
2142
2144
2145
2147
2149
2151
2153
2154
2158
2159
2161
2162
2166
2168
2171
2172
2173
2176
2178
2179
2180
2181
2183
2188
2189
2190
2193
2194
2196
2197
2198
2199
2201
2202
2203
2205
2206
2207
2209
2211
2212
2214
2216
2217
2218
2221
2222
2226
2229
2230
2231
2233
2234
2235
2236
2237
2240
2241
2242
2244
2245
2246
2247
2248
2250
2253
2257
2258
2259
2260
2262
2263
2264
2269
2270
2271
2272
2273
2274
2275
2276
2279
2283
2284
2287
2290
2291
2293
2294
2296
2297
2298
2300
2301
2304
2308
2309
2311
2312
2314
2315
2316
2317
2318
2319
2321
2322
2323
2325
2326
2328
2329
2331
2332
2335
2336
2337
2341
2342
2346
2347
2348
2351
2353
2354
2356
2358
2362
2363
2366
2368
2370
2372
2374
2375
2376
2377
2379
2382
2383
2384
2385
2386
2387
2388
2389
2390
2393
2395
2396
2397
2399
2401
2402
2403
2406
2407
2408
2410
2411
2412
2416
2417
2419
2420
2421
2422
2423
2424
2427
2428
2429
2430
2431
2432
2433
2436
2438
2439
2441
2442
2443
2445
2446
2447
2449
2450
2451
2453
2454
2455
2456
2457
2458
2459
2460
2461
2462
2464
2465
2466
2468
2470
2473
2475
2478
2480
2481
2482
2485
2487
2488
2491
2493
2494
2495
2496
2497
2500