1356
1352
1350
1397
1347
1416
1420
1304
1300
1446
1447
1295
1451
1452
1455
1460
1277
1272
1271
1258
1252
1495
1249
1241
1237
1508
1511
1231
1227
1520
1521
1218
1217
1532
1533
1211
1208
1201
1199
1546
1551
1191
1560
1182
1563
1181
1564
1565
1177
1571
1577
1579
1163
1584
1144
1601
1608
1136
1612
1131
1129
1620
1119
1632
1634
1639
1103
1654
1683
1055
1054
1046
1701
1030
1715
1717
1720
1021
1014
1736
1005
1748
1749
994
1755
976
968
959
1787
957
954
1791
1792
952
1793
951
1799
944
943
940
1806
937
1808
932
924
1821
923
918
917
916
915
1835
909
907
905
904
1841
902
1844
1848
1849
895
1854
889
1856
885
1862
882
1864
1865
877
865
857
1892
1909
830
1918
1919
819
1926
1928
809
1944
1946
1951
791
1955
782
779
1974
768
1987
1988
1989
752
1995
746
2005
718
2041
696
2061
673
668
667
652
2097
645
2100
643
638
636
2111
632
630
2123
618
609
608
2139
604
2141
603
2143
590
2164
579
578
569
564
2184
2185
559
2195
2210
524
508
506
505
498
2251
2256
486
485
2265
476
2278
2281
2286
2289
2292
2299
2305
2310
434
2320
417
414
404
2343
2345
2349
2359
2373
368
2391
345
2400
341
337
331
321
319
316
314
2437
2440
294
2469
2476
2477
267
266
264
2483
2489
246
244
237
234
19
21
23
217
213
35
46
65
169
162
83
155
95
148
99
102
104
136
133