3
6
10
11
12
18
20
27
30
31
34
37
38
39
42
44
45
48
50
51
53
54
56
57
58
59
60
63
64
65
66
69
71
72
73
74
78
79
83
84
88
90
91
92
93
95
96
97
98
100
102
103
104
105
106
108
110
112
113
117
120
123
126
128
131
132
133
135
138
140
142
143
145
146
149
152
153
154
156
158
161
162
165
166
168
174
175
180
181
184
185
188
191
194
196
198
199
202
204
206
207
208
209
211
212
214
216
217
218
222
225
230
232
234
235
237
238
240
242
245
246
248
249
252
253
255
256
257
258
259
260
262
264
265
266
268
273
274
276
280
281
282
286
287
289
293
296
299
301
304
305
306
308
310
311
313
314
315
316
319
320
323
324
326
328
329
330
331
332
333
338
339
340
341
342
343
346
348
351
354
355
356
358
359
361
362
364
365
367
368
370
376
378
382
383
384
385
386
388
391
393
394
398
401
405
416
419
422
424
430
431
436
437
446
447
448
450
451
454
456
459
462
464
466
468
469
470
471
474
475
476
477
480
482
485
486
488
492
493
494
495
496
498
500
504
509
510
512
513
514
515
517
522
523
525
526
528
529
530
532
533
535
537
538
539
540
541
547
550
551
553
556
557
559
561
565
566
567
568
569
570
575
579
580
584
587
589
590
591
595
596
597
598
600
601
603
604
610
613
617
619
623
624
629
631
633
641
643
645
648
650
657
662
666
668
669
670
681
683
684
685
686
687
689
690
693
695
696
697
701
702
703
704
707
710
715
716
717
721
722
726
728
729
731
732
733
734
737
743
744
745
746
748
749
750
754
755
756
759
761
762
763
765
772
774
775
777
778
780
781
782
785
787
788
789
790
791
792
793
796
797
800
804
805
808
812
815
819
822
828
829
831
835
840
842
844
846
851
852
853
859
860
866
870
872
873
874
875
876
878
879
881
883
885
887
888
889
890
893
895
897
898
902
905
906
907
908
909
911
916
919
921
922
924
926
927
929
932
933
939
940
941
945
946
952
955
957
958
959
961
965
967
972
976
977
978
982
983
986
988
989
993
994
995
999
1004
1007
1008
1010
1011
1012
1013
1014
1016
1020
1024
1025
1026
1027
1029
1032
1037
1039
1040
1042
1048
1049
1051
1053
1056
1057
1058
1060
1064
1066
1070
1071
1072
1073
1075
1077
1078
1081
1082
1090
1094
1095
1097
1099
1100
1101
1102
1103
1105
1106
1107
1108
1109
1111
1112
1114
1115
1119
1122
1124
1126
1129
1130
1131
1132
1134
1138
1141
1143
1144
1147
1150
1152
1153
1154
1156
1157
1166
1167
1169
1172
1174
1175
1176
1179
1180
1182
1185
1188
1189
1191
1192
1193
1194
1197
1198
1199
1200
1202
1206
1207
1209
1210
1215
1217
1219
1224
1229
1230
1232
1244
1246
1253
1271
1274
1276
1277
1289
1290
1292
1299
1304
1305
1306
1307
1311
1313
1316
1317
1318
1319
1322
1326
1333
1334
1335
1336
1337
1339
1342
1347
1348
1349
1351
1354
1356
1361
1363
1365
1369
1370
1371
1372
1374
1381
1383
1386
1389
1390
1391
1392
1396
1397
1399
1401
1403
1404
1405
1408
1409
1410
1413
1415
1420
1421
1422
1423
1434
1436
1438
1439
1441
1443
1446
1447
1451
1452
1453
1454
1459
1461
1464
1465
1466
1470
1471
1474
1476
1477
1479
1480
1481
1482
1484
1485
1487
1488
1489
1490
1491
1493
1494
1495
1496
1497
1498
1499
1500
1502
1503
1505
1508
1509
1512
1514
1515
1518
1523
1525
1526
1528
1530
1531
1532
1533
1534
1535
1536
1537
1539
1540
1546
1547
1548
1549
1550
1551
1552
1554
1556
1560
1562
1563
1564
1568
1571
1572
1574
1579
1580
1582
1584
1588
1589
1591
1593
1594
1595
1596
1597
1598
1599
1600
1601
1602
1605
1607
1608
1609
1611
1613
1616
1618
1619
1620
1621
1622
1623
1624
1628
1630
1631
1632
1633
1638
1639
1640
1643
1644
1645
1647
1648
1649
1650
1651
1653
1655
1656
1658
1661
1662
1664
1665
1673
1676
1677
1681
1683
1685
1686
1687
1691
1692
1694
1696
1697
1698
1699
1700
1701
1702
1705
1707
1709
1710
1711
1716
1717
1719
1721
1722
1724
1725
1726
1728
1729
1733
1735
1736
1738
1741
1742
1744
1746
1747
1748
1751
1753
1756
1759
1762
1763
1769
1770
1772
1773
1774
1777
1779
1780
1783
1784
1786
1788
1790
1791
1794
1795
1796
1800
1802
1803
1804
1805
1806
1807
1808
1810
1811
1813
1814
1815
1816
1817
1818
1819
1820
1823
1826
1827
1828
1831
1832
1833
1835
1836
1837
1838
1839
1842
1843
1844
1845
1846
1847
1848
1850
1851
1853
1855
1856
1857
1859
1861
1862
1863
1865
1866
1868
1870
1871
1872
1873
1874
1876
1878
1879
1880
1882
1885
1886
1887
1889
1890
1891
1892
1893
1897
1898
1900
1903
1905
1907
1908
1911
1912
1913
1916
1917
1919
1920
1921
1923
1924
1926
1929
1930
1931
1932
1934
1938
1941
1943
1945
1952
1953
1957
1960
1966
1968
1969
1971
1972
1975
1978
1981
1982
1985
1986
1987
1988
1993
1997
2000
2001
2002
2003
2008
2010
2012
2013
2014
2015
2016
2017
2018
2019
2020
2021
2022
2024
2025
2026
2029
2034
2035
2043
2044
2045
2047
2048
2050
2051
2053
2056
2058
2060
2062
2065
2066
2067
2068
2071
2076
2077
2079
2080
2081
2082
2084
2088
2090
2091
2092
2093
2095
2096
2097
2098
2099
2100
2101
2102
2105
2106
2107
2108
2111
2116
2117
2120
2125
2126
2129
2130
2131
2133
2134
2136
2137
2140
2142
2143
2145
2146
2147
2148
2151
2152
2154
2156
2158
2159
2161
2162
2163
2164
2166
2167
2168
2169
2171
2174
2175
2176
2178
2181
2182
2183
2184
2187
2188
2191
2192
2193
2194
2196
2198
2200
2201
2202
2203
2204
2205
2208
2210
2212
2214
2216
2217
2218
2219
2220
2222
2224
2226
2227
2229
2230
2231
2232
2234
2235
2236
2237
2238
2240
2241
2242
2243
2244
2245
2246
2248
2250
2254
2256
2257
2258
2259
2260
2262
2263
2264
2267
2268
2269
2270
2271
2272
2273
2274
2275
2278
2279
2281
2282
2286
2287
2289
2291
2293
2294
2296
2298
2299
2300
2302
2305
2307
2308
2309
2311
2313
2314
2315
2317
2318
2321
2322
2323
2324
2325
2326
2327
2330
2331
2332
2333
2334
2336
2337
2338
2340
2341
2342
2344
2346
2351
2352
2354
2356
2357
2358
2359
2361
2362
2365
2367
2369
2371
2372
2374
2376
2379
2381
2384
2387
2389
2390
2391
2392
2393
2397
2398
2399
2400
2401
2402
2404
2405
2406
2407
2410
2411
2412
2413
2415
2417
2418
2422
2423
2424
2425
2426
2427
2429
2431
2434
2437
2441
2444
2446
2447
2448
2449
2451
2452
2453
2458
2459
2460
2465
2466
2467
2468
2469
2471
2472
2474
2477
2481
2482
2484
2487
2491
2494
2495
2497
2499
