1366
1384
1359
1395
1344
1341
1406
1407
1328
1425
1428
1429
1315
1431
1432
1437
1303
1444
1293
1455
1457
1280
1279
1468
1273
1270
1264
1258
1257
1255
1254
1492
1240
1238
1235
1510
1511
1231
1517
1519
1520
1522
1222
1216
1208
1205
1204
1543
1190
1555
1187
1558
1186
1561
1178
1570
1171
1575
1164
1162
1583
1161
1160
1159
1158
1587
1592
1146
1137
1133
1612
1127
1125
1625
1626
1118
1642
1096
1654
1088
1671
1062
1690
1693
1713
1720
1023
1022
1021
1019
1730
1003
1743
997
1749
1752
1758
985
1760
1761
1764
980
1765
979
964
1781
960
953
951
1797
1799
936
928
925
1821
918
915
1830
904
1841
1849
1852
892
877
1869
865
864
862
857
1894
847
845
1902
1904
836
834
827
1922
821
1928
816
1937
803
1942
1946
1949
795
1950
1951
783
766
760
753
752
1995
1996
1998
742
740
2006
735
2011
730
720
719
2028
2033
2036
705
2041
2052
2061
2070
2074
661
659
2087
655
654
653
651
646
642
640
2114
627
2118
608
2139
2141
594
592
586
582
577
2177
2179
564
562
560
2190
2197
2199
545
536
534
518
516
2233
506
503
2249
489
2261
483
481
2265
2276
463
2283
460
2290
453
438
2310
421
420
418
409
2339
2345
2348
390
377
2370
372
2375
366
363
2394
2396
337
335
334
2420
317
312
2436
2438
2439
303
302
2445
292
290
284
283
270
2478
2479
250
2498
244
2
239
231
14
226
223
22
221
220
28
29
213
40
41
197
193
192
189
186
182
173
172
171
80
164
86
87
157
89
144
136
109
115
125
122